0 0.954688 0.481944 0.046875 0.047222
0 0.913281 0.531944 0.054688 0.058333
0 0.864844 0.479167 0.057813 0.052778
0 0.777344 0.537500 0.070312 0.063889
0 0.744531 0.350000 0.048438 0.044444
0 0.706250 0.319444 0.031250 0.033333
0 0.656250 0.302778 0.021875 0.033333
0 0.666406 0.276389 0.014063 0.025000
0 0.698438 0.290278 0.021875 0.030556
0 0.419531 0.401389 0.054688 0.052778
0 0.032031 0.737500 0.054688 0.097222
0 0.029688 0.640278 0.059375 0.136111
0 0.121875 0.605556 0.040625 0.072222
0 0.132031 0.505556 0.029688 0.061111
0 0.125781 0.420833 0.023438 0.036111
0 0.250000 0.377778 0.043750 0.038889
0 0.249219 0.351389 0.032813 0.025000
0 0.228906 0.333333 0.029688 0.027778
0 0.670313 0.375000 0.153125 0.100000
0 0.109375 0.359722 0.018750 0.025000
0 0.121875 0.345833 0.015625 0.019444
0 0.153906 0.330556 0.020313 0.022222
0 0.189063 0.305556 0.034375 0.038889
0 0.157813 0.306944 0.028125 0.030556
0 0.525781 0.209722 0.017188 0.019444
0 0.551563 0.209722 0.018750 0.025000
0 0.542969 0.200000 0.017188 0.022222
0 0.513281 0.194444 0.045313 0.044444
0 0.567188 0.197222 0.015625 0.022222
