0 0.340625 0.898611 0.090625 0.147222
0 0.360938 0.693056 0.075000 0.108333
0 0.507812 0.720833 0.071875 0.119444
0 0.393750 0.544444 0.037500 0.083333
0 0.532813 0.519444 0.053125 0.077778
0 0.603906 0.552778 0.045313 0.072222
0 0.550781 0.211111 0.017188 0.022222
0 0.567969 0.197222 0.017188 0.022222
0 0.542969 0.198611 0.017188 0.019444
0 0.525781 0.209722 0.017188 0.019444
0 0.511719 0.195833 0.045313 0.047222
0 0.128906 0.484722 0.035938 0.102778
0 0.110938 0.359722 0.018750 0.025000
0 0.195312 0.325000 0.025000 0.022222
0 0.189063 0.305556 0.034375 0.038889
0 0.125000 0.318056 0.040625 0.041667
0 0.084375 0.370833 0.037500 0.047222
