0 0.537500 0.379167 0.050000 0.058333
0 0.525781 0.333333 0.035938 0.044444
0 0.959375 0.533333 0.081250 0.133333
0 0.832813 0.318056 0.031250 0.030556
0 0.813281 0.311111 0.026563 0.027778
0 0.801563 0.304167 0.025000 0.025000
0 0.866406 0.311111 0.026563 0.027778
0 0.851562 0.295833 0.025000 0.025000
0 0.901563 0.306944 0.021875 0.025000
0 0.170313 0.511111 0.081250 0.072222
0 0.156250 0.488889 0.075000 0.055556
0 0.157031 0.459722 0.067187 0.036111
0 0.169531 0.441667 0.060938 0.038889
0 0.068750 0.508333 0.059375 0.061111
0 0.066406 0.477778 0.054688 0.044444
0 0.255469 0.330556 0.042188 0.033333
0 0.202344 0.343056 0.039062 0.030556
