0 0.798438 0.315278 0.034375 0.030556
0 0.824219 0.318056 0.032813 0.030556
0 0.796094 0.301389 0.029688 0.019444
0 0.846875 0.294444 0.025000 0.027778
0 0.866406 0.311111 0.026563 0.027778
0 0.901563 0.306944 0.021875 0.025000
0 0.927344 0.570833 0.076563 0.091667
0 0.958594 0.534722 0.082813 0.136111
0 0.171094 0.511111 0.082813 0.072222
0 0.154688 0.491667 0.071875 0.055556
0 0.158594 0.459722 0.067187 0.036111
0 0.169531 0.440278 0.060938 0.036111
0 0.058594 0.519444 0.110938 0.105556
0 0.254688 0.330556 0.040625 0.033333
0 0.201563 0.343056 0.040625 0.030556
