0 0.912500 0.619444 0.090625 0.111111
0 0.928125 0.568056 0.078125 0.086111
0 0.957031 0.534722 0.079688 0.136111
0 0.729688 0.491667 0.065625 0.083333
0 0.692188 0.393056 0.028125 0.052778
0 0.712500 0.343056 0.040625 0.036111
0 0.647656 0.336111 0.054688 0.038889
0 0.625781 0.313889 0.042188 0.033333
0 0.224219 0.415278 0.064063 0.052778
0 0.266406 0.388889 0.048438 0.038889
0 0.202344 0.343056 0.039062 0.030556
0 0.255469 0.330556 0.042188 0.033333
0 0.169531 0.440278 0.060938 0.036111
0 0.157031 0.459722 0.067187 0.036111
0 0.154688 0.493056 0.071875 0.052778
0 0.171094 0.512500 0.082813 0.069444
0 0.062500 0.518056 0.109375 0.102778
