0 0.927344 0.570833 0.076563 0.091667
0 0.958594 0.534722 0.082813 0.136111
0 0.770313 0.584722 0.171875 0.219444
0 0.898438 0.323611 0.025000 0.025000
0 0.803906 0.363889 0.048438 0.038889
0 0.746094 0.351389 0.051563 0.047222
0 0.406250 0.258333 0.015625 0.022222
0 0.466406 0.355556 0.039062 0.038889
0 0.571875 0.380556 0.075000 0.061111
0 0.508594 0.459722 0.145313 0.136111
0 0.359375 0.448611 0.075000 0.063889
0 0.356250 0.416667 0.065625 0.027778
0 0.177344 0.484722 0.073438 0.058333
0 0.139844 0.469444 0.054688 0.055556
0 0.202344 0.343056 0.039062 0.030556
0 0.255469 0.330556 0.042188 0.033333
