0 0.969531 0.609722 0.060938 0.091667
0 0.792969 0.487500 0.079688 0.069444
0 0.829688 0.363889 0.034375 0.066667
0 0.806250 0.305556 0.031250 0.027778
0 0.726562 0.394444 0.106250 0.094444
0 0.540625 0.405556 0.078125 0.050000
0 0.420313 0.268056 0.018750 0.025000
0 0.393750 0.273611 0.015625 0.025000
0 0.408594 0.259722 0.014063 0.025000
0 0.392969 0.251389 0.017188 0.019444
0 0.313281 0.391667 0.051563 0.022222
0 0.202344 0.343056 0.039062 0.030556
0 0.254688 0.330556 0.040625 0.033333
0 0.151563 0.486111 0.031250 0.061111
0 0.281250 0.462500 0.231250 0.152778
