0 0.136719 0.472222 0.064063 0.061111
0 0.162500 0.430556 0.056250 0.044444
0 0.296094 0.373611 0.085938 0.080556
0 0.354688 0.406944 0.068750 0.047222
0 0.246094 0.331944 0.039062 0.036111
0 0.201563 0.344444 0.040625 0.033333
0 0.571094 0.395833 0.070312 0.052778
0 0.775000 0.423611 0.065625 0.063889
0 0.821875 0.308333 0.034375 0.033333
0 0.799219 0.305556 0.029688 0.027778
0 0.848438 0.298611 0.025000 0.025000
0 0.557031 0.347222 0.089063 0.066667
0 0.396094 0.275000 0.017188 0.022222
0 0.414062 0.263889 0.018750 0.027778
0 0.401563 0.256944 0.012500 0.019444
