0 0.700781 0.418056 0.045313 0.069444
0 0.749219 0.313889 0.035938 0.033333
0 0.803125 0.305556 0.031250 0.027778
0 0.420313 0.372222 0.059375 0.050000
0 0.483594 0.288889 0.026563 0.027778
0 0.395313 0.251389 0.015625 0.025000
0 0.202344 0.343056 0.039062 0.030556
0 0.246094 0.330556 0.039062 0.033333
0 0.061719 0.534722 0.067187 0.058333
0 0.054688 0.506944 0.059375 0.058333
0 0.056250 0.479167 0.046875 0.025000
0 0.156250 0.511111 0.078125 0.072222
0 0.126562 0.497222 0.046875 0.061111
0 0.145313 0.461111 0.065625 0.044444
