0 0.202344 0.341667 0.039062 0.027778
0 0.252344 0.331944 0.039062 0.030556
0 0.379688 0.245833 0.012500 0.019444
0 0.554688 0.309722 0.046875 0.030556
0 0.624219 0.329167 0.048438 0.036111
0 0.661719 0.388889 0.029688 0.050000
0 0.702344 0.329167 0.045313 0.036111
0 0.764844 0.309722 0.029688 0.030556
0 0.835938 0.300000 0.025000 0.027778
0 0.886719 0.293056 0.020313 0.025000
0 0.232813 0.413889 0.053125 0.050000
0 0.163281 0.513889 0.073438 0.061111
0 0.161719 0.480556 0.060938 0.038889
0 0.142969 0.469444 0.064063 0.055556
0 0.067187 0.511111 0.056250 0.055556
0 0.062500 0.484722 0.053125 0.041667
0 0.440625 0.369444 0.065625 0.055556
