0 0.050000 0.905556 0.050000 0.077778
0 0.120313 0.940278 0.053125 0.075000
0 0.187500 0.783333 0.071875 0.088889
0 0.311719 0.844444 0.070312 0.066667
0 0.400000 0.700000 0.078125 0.066667
0 0.475781 0.791667 0.082813 0.072222
0 0.150781 0.538889 0.032813 0.100000
0 0.856250 0.866667 0.050000 0.105556
0 0.817969 0.744444 0.054688 0.116667
0 0.737500 0.583333 0.046875 0.088889
0 0.785938 0.209722 0.018750 0.036111
0 0.806250 0.161111 0.018750 0.033333
0 0.850000 0.088889 0.018750 0.022222
0 0.531250 0.072222 0.040625 0.027778
0 0.217969 0.318056 0.029688 0.063889
