0 0.068750 0.450000 0.037500 0.066667
0 0.150781 0.538889 0.032813 0.100000
0 0.153125 0.805556 0.062500 0.083333
0 0.160938 0.901389 0.062500 0.086111
0 0.515625 0.808333 0.087500 0.083333
0 0.411719 0.706944 0.076563 0.069444
0 0.687500 0.530556 0.050000 0.083333
0 0.751563 0.556944 0.037500 0.075000
0 0.778906 0.406944 0.026563 0.063889
0 0.758594 0.326389 0.029688 0.063889
0 0.785156 0.254167 0.020313 0.047222
0 0.710938 0.095833 0.034375 0.030556
0 0.631250 0.137500 0.043750 0.041667
0 0.389063 0.112500 0.043750 0.041667
0 0.253125 0.227778 0.037500 0.055556
0 0.311719 0.072222 0.014063 0.038889
