0 0.258594 0.637500 0.048438 0.097222
0 0.203125 0.869444 0.068750 0.083333
0 0.150781 0.538889 0.032813 0.100000
0 0.077344 0.965278 0.051563 0.069444
0 0.885156 0.923611 0.051563 0.102778
0 0.687500 0.831944 0.078125 0.075000
0 0.785156 0.545833 0.067187 0.175000
0 0.291406 0.133333 0.026563 0.044444
0 0.428906 0.056944 0.035938 0.030556
0 0.389063 0.050000 0.034375 0.027778
0 0.806250 0.155556 0.021875 0.033333
0 0.832813 0.130556 0.021875 0.027778
0 0.840625 0.090278 0.015625 0.019444
0 0.789062 0.094444 0.040625 0.038889
