0 0.866406 0.887500 0.048438 0.102778
0 0.813281 0.727778 0.045313 0.100000
0 0.777344 0.429167 0.029688 0.075000
0 0.783594 0.275000 0.020313 0.055556
0 0.817969 0.154167 0.020313 0.030556
0 0.842188 0.129167 0.018750 0.025000
0 0.786719 0.094444 0.026563 0.027778
0 0.679688 0.083333 0.053125 0.044444
0 0.430469 0.093056 0.042188 0.036111
0 0.356250 0.087500 0.059375 0.063889
0 0.314063 0.073611 0.015625 0.036111
0 0.174219 0.280556 0.060938 0.111111
0 0.150781 0.538889 0.032813 0.100000
0 0.268750 0.734722 0.068750 0.075000
0 0.327344 0.831944 0.073438 0.063889
0 0.576562 0.766667 0.084375 0.083333
0 0.117969 0.920833 0.117188 0.158333
