0 0.074219 0.968056 0.051563 0.063889
0 0.299219 0.818056 0.082813 0.075000
0 0.617188 0.825000 0.075000 0.066667
0 0.859375 0.868056 0.050000 0.102778
0 0.922656 0.968056 0.045313 0.063889
0 0.802344 0.690278 0.045313 0.102778
0 0.764844 0.473611 0.045313 0.125000
0 0.791406 0.212500 0.032813 0.097222
0 0.832813 0.134722 0.018750 0.025000
0 0.814063 0.094444 0.021875 0.022222
0 0.759375 0.100000 0.028125 0.027778
0 0.622656 0.079167 0.042188 0.030556
0 0.308594 0.076389 0.014063 0.036111
0 0.307813 0.163889 0.037500 0.044444
0 0.208594 0.391667 0.026563 0.072222
0 0.150781 0.538889 0.032813 0.100000
0 0.098438 0.377778 0.056250 0.105556
