0 0.096875 0.958333 0.053125 0.072222
0 0.201563 0.863889 0.068750 0.083333
0 0.254688 0.730556 0.068750 0.072222
0 0.430469 0.819444 0.085938 0.066667
0 0.831250 0.766667 0.053125 0.111111
0 0.660156 0.700000 0.060938 0.088889
0 0.783594 0.308333 0.023438 0.055556
0 0.790625 0.198611 0.015625 0.036111
0 0.822656 0.140278 0.020313 0.030556
0 0.831250 0.091667 0.021875 0.027778
0 0.699219 0.088889 0.048438 0.044444
0 0.468750 0.056944 0.031250 0.030556
0 0.355469 0.122222 0.045313 0.050000
0 0.150781 0.538889 0.032813 0.100000
0 0.215625 0.279167 0.037500 0.058333
