0 0.109375 0.379167 0.040625 0.069444
0 0.150781 0.538889 0.032813 0.100000
0 0.100000 0.961111 0.053125 0.072222
0 0.117188 0.845833 0.056250 0.075000
0 0.189063 0.887500 0.071875 0.086111
0 0.226562 0.759722 0.068750 0.080556
0 0.027344 0.927778 0.042188 0.072222
0 0.571875 0.750000 0.081250 0.083333
0 0.786719 0.901389 0.067187 0.097222
0 0.859375 0.840278 0.050000 0.102778
0 0.804688 0.705556 0.043750 0.094444
0 0.799219 0.184722 0.017188 0.036111
0 0.778906 0.291667 0.020313 0.055556
0 0.743750 0.100000 0.031250 0.027778
0 0.316406 0.036111 0.014063 0.033333
0 0.860156 0.118056 0.017188 0.025000
0 0.831250 0.097222 0.021875 0.022222
