0 0.036719 0.458333 0.035938 0.072222
0 0.150781 0.538889 0.032813 0.100000
0 0.060156 0.973611 0.045313 0.052778
0 0.189844 0.859722 0.070312 0.091667
0 0.507812 0.793056 0.084375 0.075000
0 0.857813 0.837500 0.050000 0.108333
0 0.813281 0.715278 0.051563 0.113889
0 0.748438 0.534722 0.059375 0.125000
0 0.812500 0.144444 0.018750 0.027778
0 0.852344 0.119444 0.017188 0.022222
0 0.855469 0.088889 0.017188 0.022222
0 0.521875 0.080556 0.040625 0.027778
0 0.406250 0.055556 0.034375 0.027778
0 0.315625 0.070833 0.015625 0.036111
0 0.288281 0.165278 0.029688 0.052778
0 0.191406 0.306944 0.045313 0.080556
