0 0.022656 0.923611 0.035938 0.063889
0 0.143750 0.816667 0.059375 0.083333
0 0.173438 0.900000 0.068750 0.088889
0 0.294531 0.718056 0.073438 0.075000
0 0.403906 0.837500 0.076563 0.058333
0 0.550781 0.768056 0.085938 0.075000
0 0.861719 0.852778 0.051563 0.100000
0 0.810156 0.686111 0.045313 0.111111
0 0.759375 0.525000 0.037500 0.083333
0 0.783594 0.251389 0.020313 0.047222
0 0.801563 0.170833 0.018750 0.036111
0 0.807813 0.098611 0.021875 0.025000
0 0.150781 0.538889 0.032813 0.100000
0 0.101562 0.391667 0.037500 0.066667
0 0.314844 0.052778 0.014063 0.038889
