0 0.857813 0.847222 0.053125 0.105556
0 0.795313 0.618056 0.046875 0.119444
0 0.773438 0.416667 0.037500 0.105556
0 0.800781 0.173611 0.020313 0.036111
0 0.857813 0.119444 0.018750 0.022222
0 0.843750 0.093056 0.021875 0.025000
0 0.725000 0.100000 0.034375 0.027778
0 0.478125 0.055556 0.056250 0.044444
0 0.386719 0.047222 0.039062 0.038889
0 0.309375 0.037500 0.015625 0.036111
0 0.303125 0.108333 0.021875 0.044444
0 0.514844 0.688889 0.082813 0.072222
0 0.328125 0.812500 0.081250 0.080556
0 0.275781 0.708333 0.070312 0.072222
0 0.142187 0.823611 0.065625 0.091667
0 0.138281 0.931944 0.060938 0.080556
0 0.021094 0.944444 0.042188 0.072222
0 0.150781 0.538889 0.032813 0.100000
0 0.057031 0.433333 0.048438 0.100000
