0 0.877344 0.897222 0.048438 0.100000
0 0.821875 0.750000 0.046875 0.111111
0 0.676563 0.687500 0.062500 0.091667
0 0.476562 0.815278 0.087500 0.080556
0 0.459375 0.680556 0.087500 0.077778
0 0.782031 0.370833 0.023438 0.069444
0 0.805469 0.173611 0.020313 0.036111
0 0.835938 0.133333 0.021875 0.027778
0 0.835156 0.093056 0.020313 0.025000
0 0.757031 0.101389 0.032813 0.025000
0 0.609375 0.081944 0.034375 0.030556
0 0.365625 0.090278 0.037500 0.036111
0 0.288281 0.152778 0.026563 0.050000
0 0.150781 0.319444 0.039062 0.061111
0 0.024219 0.513889 0.035938 0.072222
0 0.150781 0.538889 0.032813 0.100000
0 0.226562 0.848611 0.062500 0.086111
0 0.098438 0.948611 0.093750 0.102778
