0 0.107031 0.413889 0.042188 0.066667
0 0.150781 0.538889 0.032813 0.100000
0 0.137500 0.905556 0.062500 0.088889
0 0.353125 0.805556 0.128125 0.094444
0 0.832813 0.780556 0.050000 0.105556
0 0.687500 0.654167 0.090625 0.136111
0 0.784375 0.431944 0.025000 0.075000
0 0.785156 0.261111 0.020313 0.050000
0 0.832031 0.136111 0.017188 0.027778
0 0.821094 0.093056 0.023438 0.030556
0 0.779688 0.095833 0.028125 0.025000
0 0.719531 0.097222 0.032813 0.027778
0 0.600781 0.081944 0.039062 0.030556
0 0.496094 0.079167 0.039062 0.030556
0 0.401563 0.050000 0.040625 0.027778
0 0.303906 0.113889 0.023438 0.050000
0 0.922656 0.965278 0.064063 0.069444
