0 0.910156 0.965278 0.045313 0.069444
0 0.820312 0.741667 0.075000 0.166667
0 0.769531 0.531944 0.035938 0.086111
0 0.696094 0.512500 0.051563 0.086111
0 0.766406 0.408333 0.029688 0.072222
0 0.795313 0.306944 0.018750 0.058333
0 0.798438 0.190278 0.028125 0.058333
0 0.844531 0.088889 0.023438 0.027778
0 0.804688 0.098611 0.025000 0.025000
0 0.725000 0.097222 0.031250 0.027778
0 0.653906 0.091667 0.032813 0.027778
0 0.543750 0.080556 0.040625 0.033333
0 0.400000 0.090278 0.040625 0.041667
0 0.349219 0.033333 0.023438 0.027778
0 0.310938 0.045833 0.015625 0.036111
0 0.307031 0.084722 0.017188 0.041667
0 0.114844 0.411111 0.039062 0.066667
0 0.150781 0.538889 0.032813 0.100000
0 0.522656 0.766667 0.089063 0.094444
0 0.292187 0.826389 0.075000 0.075000
