0 0.871094 0.887500 0.051563 0.097222
0 0.821875 0.752778 0.046875 0.100000
0 0.742188 0.575000 0.046875 0.088889
0 0.341406 0.700000 0.064063 0.088889
0 0.267969 0.819444 0.079688 0.083333
0 0.150781 0.538889 0.032813 0.100000
0 0.188281 0.319444 0.042188 0.066667
0 0.059375 0.470833 0.034375 0.063889
0 0.300781 0.170833 0.045313 0.063889
0 0.303906 0.095833 0.020313 0.041667
0 0.312500 0.050000 0.015625 0.038889
0 0.410938 0.101389 0.040625 0.036111
0 0.660938 0.091667 0.040625 0.027778
0 0.625000 0.122222 0.053125 0.066667
0 0.782813 0.315278 0.021875 0.058333
0 0.817188 0.095833 0.021875 0.025000
0 0.860156 0.119444 0.017188 0.022222
