0 0.334375 0.816667 0.068750 0.066667
0 0.153125 0.905556 0.056250 0.077778
0 0.150781 0.538889 0.032813 0.100000
0 0.129688 0.397222 0.040625 0.072222
0 0.072656 0.415278 0.035938 0.063889
0 0.039844 0.497222 0.032813 0.061111
0 0.250000 0.245833 0.043750 0.063889
0 0.286719 0.169444 0.026563 0.055556
0 0.393750 0.104167 0.037500 0.041667
0 0.313281 0.051389 0.017188 0.058333
0 0.519531 0.070833 0.035938 0.030556
0 0.840625 0.133333 0.018750 0.022222
0 0.793750 0.198611 0.018750 0.036111
0 0.816406 0.723611 0.045313 0.108333
0 0.693750 0.658333 0.062500 0.094444
