0 0.150781 0.538889 0.032813 0.100000
0 0.278125 0.144444 0.031250 0.050000
0 0.094531 0.863889 0.051563 0.077778
0 0.183594 0.875000 0.067187 0.088889
0 0.415625 0.711111 0.087500 0.077778
0 0.535156 0.808333 0.085938 0.066667
0 0.705469 0.640278 0.054688 0.091667
0 0.803906 0.705556 0.045313 0.094444
0 0.857813 0.836111 0.050000 0.105556
0 0.760156 0.313889 0.026563 0.061111
0 0.790625 0.301389 0.021875 0.058333
0 0.793750 0.213889 0.018750 0.038889
0 0.821875 0.148611 0.018750 0.030556
0 0.649219 0.084722 0.039062 0.036111
0 0.597656 0.105556 0.039062 0.033333
