0 0.073438 0.972222 0.050000 0.055556
0 0.198438 0.780556 0.059375 0.077778
0 0.221094 0.861111 0.073438 0.088889
0 0.563281 0.768056 0.092188 0.086111
0 0.760938 0.518056 0.034375 0.080556
0 0.785938 0.322222 0.021875 0.061111
0 0.736719 0.336111 0.026563 0.066667
0 0.809375 0.091667 0.021875 0.027778
0 0.816406 0.147222 0.020313 0.027778
0 0.794531 0.206944 0.020313 0.041667
0 0.849219 0.126389 0.017188 0.025000
0 0.859375 0.086111 0.018750 0.022222
0 0.719531 0.098611 0.032813 0.025000
0 0.566406 0.077778 0.039062 0.027778
0 0.425781 0.055556 0.035938 0.022222
0 0.150781 0.538889 0.032813 0.100000
0 0.232813 0.563889 0.040625 0.100000
0 0.234375 0.263889 0.040625 0.066667
0 0.314844 0.051389 0.014063 0.036111
0 0.313281 0.087500 0.017188 0.036111
0 0.246094 0.190278 0.142187 0.191667
