0 0.846875 0.826389 0.050000 0.102778
0 0.810938 0.930556 0.056250 0.094444
0 0.572656 0.768056 0.079688 0.080556
0 0.386719 0.823611 0.092188 0.069444
0 0.046875 0.911111 0.046875 0.077778
0 0.219531 0.504167 0.029688 0.091667
0 0.150781 0.538889 0.032813 0.100000
0 0.166406 0.337500 0.042188 0.069444
0 0.317969 0.151389 0.042188 0.052778
0 0.300000 0.098611 0.025000 0.058333
0 0.464063 0.062500 0.034375 0.030556
0 0.594531 0.084722 0.042188 0.030556
0 0.670313 0.093056 0.037500 0.025000
0 0.755469 0.098611 0.029688 0.025000
0 0.807813 0.097222 0.025000 0.027778
0 0.835156 0.090278 0.020313 0.025000
0 0.856250 0.086111 0.018750 0.022222
0 0.825781 0.140278 0.020313 0.030556
0 0.796094 0.190278 0.020313 0.036111
0 0.750000 0.450000 0.031250 0.083333
