0 0.878125 0.893056 0.043750 0.086111
0 0.827344 0.755556 0.048438 0.116667
0 0.765625 0.491667 0.034375 0.077778
0 0.790625 0.208333 0.018750 0.038889
0 0.836719 0.094444 0.020313 0.022222
0 0.795313 0.105556 0.025000 0.027778
0 0.738281 0.101389 0.032813 0.025000
0 0.661719 0.090278 0.039062 0.025000
0 0.555469 0.080556 0.039062 0.033333
0 0.368750 0.115278 0.040625 0.047222
0 0.310938 0.079167 0.018750 0.041667
0 0.279688 0.194444 0.040625 0.061111
0 0.200781 0.251389 0.039062 0.058333
0 0.150781 0.538889 0.032813 0.100000
0 0.546094 0.670833 0.076563 0.080556
0 0.160156 0.883333 0.104688 0.127778
