0 0.056250 0.887500 0.046875 0.075000
0 0.150000 0.912500 0.062500 0.086111
0 0.393750 0.802778 0.118750 0.094444
0 0.832813 0.775000 0.053125 0.116667
0 0.730469 0.629167 0.051563 0.091667
0 0.770313 0.395833 0.025000 0.069444
0 0.831250 0.129167 0.028125 0.041667
0 0.799219 0.180556 0.017188 0.033333
0 0.732813 0.100000 0.031250 0.027778
0 0.596875 0.072222 0.037500 0.027778
0 0.514062 0.083333 0.034375 0.027778
0 0.455469 0.088889 0.035938 0.033333
0 0.314844 0.062500 0.014063 0.036111
0 0.210938 0.381944 0.028125 0.075000
0 0.150781 0.538889 0.032813 0.100000
