0 0.832031 0.784722 0.051563 0.113889
0 0.751563 0.879167 0.075000 0.097222
0 0.466406 0.794444 0.089063 0.072222
0 0.165625 0.897222 0.062500 0.083333
0 0.020313 0.520833 0.031250 0.063889
0 0.150781 0.538889 0.032813 0.100000
0 0.125000 0.411111 0.043750 0.066667
0 0.226562 0.204167 0.050000 0.091667
0 0.396875 0.108333 0.040625 0.038889
0 0.547656 0.077778 0.032813 0.027778
0 0.643750 0.090278 0.037500 0.030556
0 0.728125 0.095833 0.031250 0.025000
0 0.818750 0.097222 0.021875 0.027778
0 0.841406 0.126389 0.017188 0.025000
0 0.805469 0.173611 0.020313 0.036111
0 0.860156 0.086111 0.017188 0.022222
0 0.789062 0.268056 0.018750 0.047222
0 0.774219 0.423611 0.026563 0.075000
0 0.106250 0.361111 0.106250 0.166667
