0 0.205469 0.937500 0.101562 0.125000
0 0.475781 0.816667 0.126562 0.227778
0 0.463281 0.600000 0.073438 0.150000
0 0.391406 0.572222 0.039062 0.077778
0 0.876563 0.411111 0.071875 0.072222
0 0.732031 0.344444 0.042188 0.038889
0 0.693750 0.300000 0.025000 0.033333
0 0.695312 0.259722 0.021875 0.047222
0 0.688281 0.222222 0.014063 0.022222
0 0.542188 0.215278 0.018750 0.025000
0 0.525000 0.204167 0.031250 0.047222
0 0.503125 0.208333 0.021875 0.033333
0 0.089844 0.565278 0.042188 0.075000
0 0.072656 0.370833 0.026563 0.041667
0 0.129688 0.311111 0.028125 0.033333
0 0.190625 0.308333 0.034375 0.038889
