0 0.291406 0.812500 0.082813 0.125000
0 0.589063 0.772222 0.096875 0.122222
0 0.839063 0.625000 0.075000 0.072222
0 0.865625 0.534722 0.065625 0.058333
0 0.652344 0.416667 0.032813 0.050000
0 0.555469 0.505556 0.048438 0.072222
0 0.585156 0.400000 0.035938 0.050000
0 0.649219 0.286111 0.023438 0.033333
0 0.693750 0.259722 0.025000 0.047222
0 0.369531 0.405556 0.039062 0.050000
0 0.227344 0.354167 0.029688 0.030556
0 0.206250 0.330556 0.028125 0.027778
0 0.144531 0.347222 0.023438 0.027778
0 0.083594 0.372222 0.029688 0.044444
0 0.053906 0.627778 0.045313 0.077778
0 0.542188 0.215278 0.018750 0.025000
0 0.521094 0.208333 0.029688 0.044444
0 0.501563 0.205556 0.018750 0.033333
