0 0.425781 0.062500 0.151563 0.080556
0 0.097656 0.391667 0.035938 0.061111
0 0.150781 0.538889 0.032813 0.100000
0 0.178906 0.880556 0.064063 0.083333
0 0.550000 0.763889 0.087500 0.094444
0 0.860156 0.851389 0.045313 0.097222
0 0.816406 0.740278 0.048438 0.108333
0 0.730469 0.594444 0.045313 0.083333
0 0.786719 0.287500 0.023438 0.058333
0 0.603125 0.068056 0.053125 0.047222
0 0.767969 0.097222 0.042188 0.038889
0 0.800781 0.177778 0.020313 0.033333
0 0.816406 0.095833 0.020313 0.025000
0 0.844531 0.131944 0.017188 0.025000
0 0.858594 0.087500 0.017188 0.019444
