0 0.206250 0.306944 0.062500 0.047222
0 0.285156 0.401389 0.120313 0.102778
0 0.510938 0.195833 0.046875 0.052778
0 0.964844 0.550000 0.048438 0.061111
0 0.886719 0.458333 0.051563 0.050000
0 0.825000 0.395833 0.050000 0.041667
0 0.817188 0.463889 0.065625 0.066667
0 0.657031 0.425000 0.060938 0.050000
0 0.671094 0.391667 0.060938 0.044444
0 0.478906 0.422222 0.057813 0.055556
0 0.466406 0.379167 0.054688 0.041667
0 0.502344 0.358333 0.051563 0.038889
0 0.547656 0.212500 0.020313 0.025000
0 0.532813 0.208333 0.015625 0.022222
0 0.383594 0.347222 0.045313 0.033333
0 0.294531 0.351389 0.032813 0.019444
0 0.317188 0.338889 0.034375 0.027778
0 0.207031 0.373611 0.032813 0.030556
0 0.168750 0.394444 0.031250 0.033333
0 0.189063 0.348611 0.028125 0.025000
0 0.115625 0.381944 0.028125 0.036111
0 0.121094 0.361111 0.020313 0.022222
0 0.016406 0.677778 0.032813 0.077778
0 0.084375 0.377778 0.018750 0.022222
0 0.100781 0.343056 0.020313 0.025000
