0 0.911719 0.437500 0.048438 0.047222
0 0.714063 0.455556 0.093750 0.116667
0 0.675000 0.279167 0.018750 0.030556
0 0.582813 0.416667 0.059375 0.055556
0 0.493750 0.454167 0.096875 0.113889
0 0.317188 0.375000 0.040625 0.050000
0 0.260937 0.315278 0.034375 0.030556
0 0.332031 0.300000 0.042188 0.033333
0 0.391406 0.319444 0.035938 0.033333
0 0.403906 0.262500 0.042188 0.052778
0 0.473438 0.348611 0.034375 0.041667
0 0.458594 0.302778 0.020313 0.044444
0 0.448438 0.269444 0.028125 0.033333
0 0.464063 0.237500 0.025000 0.030556
0 0.478125 0.268056 0.028125 0.030556
0 0.491406 0.234722 0.020313 0.030556
0 0.537500 0.223611 0.021875 0.025000
0 0.539844 0.202778 0.020313 0.022222
0 0.107031 0.602778 0.051563 0.083333
0 0.111719 0.361111 0.014063 0.022222
0 0.085938 0.370833 0.046875 0.047222
0 0.049219 0.366667 0.032813 0.038889
