0 0.908594 0.595833 0.173438 0.169444
0 0.288281 0.406944 0.120313 0.091667
0 0.504688 0.340278 0.134375 0.086111
0 0.085156 0.556944 0.054688 0.119444
0 0.133594 0.459722 0.026563 0.097222
0 0.115625 0.416667 0.021875 0.033333
0 0.159375 0.390278 0.028125 0.030556
0 0.159375 0.362500 0.028125 0.030556
0 0.247656 0.354167 0.035938 0.030556
0 0.135938 0.347222 0.021875 0.022222
0 0.150781 0.331944 0.020313 0.019444
0 0.116406 0.379167 0.026563 0.030556
0 0.092188 0.402778 0.021875 0.033333
0 0.413281 0.375000 0.051563 0.044444
0 0.542188 0.431944 0.068750 0.063889
0 0.602344 0.411111 0.064063 0.044444
0 0.681250 0.397222 0.053125 0.044444
0 0.692188 0.261111 0.018750 0.033333
0 0.814063 0.434722 0.059375 0.047222
0 0.860156 0.479167 0.054688 0.052778
0 0.935156 0.473611 0.045313 0.052778
0 0.544531 0.213889 0.020313 0.022222
0 0.528906 0.200000 0.029688 0.038889
0 0.500781 0.212500 0.020313 0.019444
