0 0.059375 0.698611 0.050000 0.097222
0 0.073438 0.580556 0.040625 0.072222
0 0.135938 0.562500 0.037500 0.069444
0 0.934375 0.536111 0.053125 0.061111
0 0.867969 0.563889 0.054688 0.066667
0 0.696875 0.520833 0.078125 0.063889
0 0.701563 0.473611 0.071875 0.063889
0 0.546875 0.487500 0.075000 0.063889
0 0.491406 0.422222 0.060938 0.055556
0 0.524219 0.394444 0.057813 0.044444
0 0.396875 0.445833 0.053125 0.052778
0 0.370313 0.369444 0.046875 0.038889
0 0.252344 0.409722 0.042188 0.041667
0 0.246094 0.354167 0.032813 0.030556
0 0.217969 0.331944 0.026563 0.030556
0 0.170313 0.345833 0.025000 0.025000
0 0.126562 0.415278 0.037500 0.069444
0 0.121094 0.309722 0.039062 0.036111
0 0.100000 0.404167 0.018750 0.030556
0 0.104688 0.362500 0.018750 0.025000
0 0.118750 0.343056 0.018750 0.025000
0 0.082031 0.376389 0.017188 0.025000
0 0.545312 0.213889 0.021875 0.022222
0 0.528125 0.202778 0.028125 0.038889
0 0.501563 0.212500 0.018750 0.025000
