0 0.433594 0.806944 0.079688 0.058333
0 0.270313 0.838889 0.078125 0.072222
0 0.156250 0.809722 0.056250 0.080556
0 0.216406 0.500000 0.029688 0.088889
0 0.150781 0.538889 0.032813 0.100000
0 0.082031 0.395833 0.051563 0.102778
0 0.214844 0.290278 0.039062 0.058333
0 0.199219 0.248611 0.054688 0.097222
0 0.356250 0.123611 0.040625 0.041667
0 0.515625 0.056944 0.040625 0.030556
0 0.642188 0.081944 0.040625 0.036111
0 0.741406 0.097222 0.026563 0.027778
0 0.783594 0.254167 0.020313 0.047222
0 0.843750 0.129167 0.018750 0.025000
0 0.795313 0.663889 0.046875 0.111111
0 0.896875 0.937500 0.043750 0.091667
0 0.747656 0.404167 0.029688 0.069444
