0 0.355469 0.683333 0.070312 0.100000
0 0.403906 0.445833 0.060938 0.052778
0 0.438281 0.411111 0.057813 0.050000
0 0.446875 0.380556 0.053125 0.038889
0 0.560156 0.369444 0.054688 0.038889
0 0.585156 0.406944 0.064063 0.052778
0 0.697656 0.473611 0.067187 0.063889
0 0.779688 0.425000 0.056250 0.050000
0 0.847656 0.409722 0.048438 0.041667
0 0.866406 0.477778 0.057813 0.055556
0 0.925000 0.540278 0.046875 0.058333
0 0.947656 0.479167 0.045313 0.047222
0 0.757812 0.359722 0.053125 0.047222
0 0.700000 0.323611 0.034375 0.036111
0 0.669531 0.270833 0.035938 0.063889
0 0.528906 0.208333 0.023438 0.027778
0 0.367188 0.341667 0.040625 0.038889
0 0.246875 0.411111 0.040625 0.044444
0 0.246094 0.377778 0.039062 0.033333
0 0.251563 0.351389 0.031250 0.030556
0 0.170313 0.345833 0.025000 0.025000
0 0.222656 0.333333 0.032813 0.027778
0 0.211719 0.306944 0.035938 0.041667
0 0.132812 0.429167 0.046875 0.102778
0 0.101562 0.405556 0.021875 0.033333
0 0.099219 0.375000 0.029688 0.038889
0 0.109375 0.359722 0.018750 0.025000
