0 0.355469 0.681944 0.070312 0.102778
0 0.577344 0.483333 0.070312 0.061111
0 0.582813 0.437500 0.065625 0.063889
0 0.768750 0.366667 0.046875 0.038889
0 0.709375 0.323611 0.043750 0.041667
0 0.676563 0.294444 0.025000 0.033333
0 0.658594 0.237500 0.020313 0.052778
0 0.528125 0.211111 0.021875 0.022222
0 0.362500 0.398611 0.046875 0.041667
0 0.217188 0.398611 0.053125 0.063889
0 0.246094 0.350000 0.032813 0.033333
0 0.137500 0.452778 0.018750 0.044444
0 0.121094 0.413889 0.029688 0.044444
0 0.133594 0.386111 0.023438 0.027778
0 0.159375 0.363889 0.034375 0.033333
0 0.164844 0.341667 0.023438 0.022222
0 0.154688 0.308333 0.028125 0.038889
0 0.090625 0.402778 0.021875 0.027778
0 0.109375 0.361111 0.021875 0.022222
0 0.097656 0.380556 0.020313 0.022222
