0 0.042188 0.366667 0.031250 0.038889
0 0.074219 0.380556 0.017188 0.022222
0 0.092969 0.380556 0.020313 0.027778
0 0.104688 0.362500 0.018750 0.025000
0 0.213281 0.312500 0.032813 0.041667
0 0.228125 0.351389 0.031250 0.030556
0 0.332031 0.397222 0.035938 0.038889
0 0.396875 0.486111 0.031250 0.061111
0 0.308594 0.783333 0.079688 0.116667
0 0.451563 0.683333 0.062500 0.094444
0 0.475781 0.831944 0.085938 0.141667
0 0.578906 0.600000 0.054688 0.088889
0 0.546875 0.473611 0.040625 0.058333
0 0.649219 0.448611 0.039062 0.058333
0 0.678125 0.351389 0.025000 0.041667
0 0.638281 0.311111 0.023438 0.033333
0 0.692969 0.277778 0.020313 0.033333
0 0.669531 0.252778 0.017188 0.022222
0 0.701563 0.240278 0.021875 0.041667
0 0.550781 0.208333 0.023438 0.033333
0 0.527344 0.209722 0.017188 0.025000
0 0.506250 0.211111 0.021875 0.022222
