0 0.078906 0.586111 0.157813 0.250000
0 0.041406 0.365278 0.029688 0.036111
0 0.047656 0.387500 0.020313 0.036111
0 0.092969 0.379167 0.020313 0.025000
0 0.075781 0.379167 0.017188 0.025000
0 0.104688 0.362500 0.018750 0.025000
0 0.110156 0.319444 0.026563 0.033333
0 0.139844 0.331944 0.023438 0.019444
0 0.193750 0.329167 0.025000 0.025000
0 0.228125 0.306944 0.040625 0.041667
0 0.220313 0.448611 0.046875 0.052778
0 0.342969 0.358333 0.039062 0.044444
0 0.394531 0.362500 0.039062 0.108333
0 0.463281 0.258333 0.026563 0.027778
0 0.509375 0.240278 0.025000 0.025000
0 0.613281 0.448611 0.060938 0.058333
0 0.719531 0.329167 0.035938 0.036111
0 0.867188 0.418056 0.050000 0.041667
0 0.796094 0.533333 0.101562 0.122222
