0 0.050781 0.611111 0.057813 0.116667
0 0.107031 0.516667 0.045313 0.105556
0 0.130469 0.456944 0.020313 0.047222
0 0.103906 0.361111 0.020313 0.022222
0 0.188281 0.329167 0.026563 0.030556
0 0.252344 0.354167 0.035938 0.030556
0 0.248438 0.333333 0.028125 0.027778
0 0.310938 0.334722 0.037500 0.036111
0 0.364063 0.369444 0.050000 0.038889
0 0.432813 0.351389 0.050000 0.041667
0 0.421875 0.447222 0.062500 0.055556
0 0.580469 0.379167 0.054688 0.041667
0 0.645313 0.418056 0.059375 0.041667
0 0.653125 0.280556 0.025000 0.027778
0 0.697656 0.280556 0.026563 0.055556
0 0.775000 0.359722 0.071875 0.069444
0 0.858594 0.441667 0.051563 0.044444
0 0.906250 0.495833 0.046875 0.052778
0 0.707813 0.468056 0.053125 0.063889
0 0.617969 0.483333 0.198438 0.144444
0 0.122656 0.311111 0.039062 0.038889
0 0.127344 0.345833 0.020313 0.025000
0 0.146875 0.331944 0.021875 0.019444
