0 0.450000 0.859722 0.081250 0.141667
0 0.328125 0.898611 0.093750 0.152778
0 0.330469 0.737500 0.070312 0.108333
0 0.604688 0.569444 0.053125 0.088889
0 0.499219 0.565278 0.082813 0.141667
0 0.831250 0.509722 0.056250 0.058333
0 0.642969 0.425000 0.032813 0.050000
0 0.613281 0.352778 0.029688 0.038889
0 0.676563 0.326389 0.025000 0.041667
0 0.659375 0.284722 0.018750 0.030556
0 0.254688 0.358333 0.034375 0.027778
0 0.336719 0.388889 0.045313 0.050000
0 0.400000 0.443056 0.034375 0.058333
0 0.050781 0.633333 0.101562 0.211111
0 0.079688 0.370833 0.043750 0.047222
0 0.551563 0.211111 0.018750 0.022222
0 0.525781 0.213889 0.020313 0.022222
0 0.507031 0.208333 0.020313 0.022222
