0 0.774219 0.484722 0.064063 0.058333
0 0.831250 0.401389 0.050000 0.047222
0 0.694531 0.306944 0.029688 0.036111
0 0.700000 0.258333 0.021875 0.050000
0 0.517188 0.234722 0.021875 0.030556
0 0.487500 0.227778 0.028125 0.044444
0 0.447656 0.245833 0.026563 0.025000
0 0.387500 0.272222 0.034375 0.038889
0 0.438281 0.275000 0.029688 0.033333
0 0.466406 0.281944 0.026563 0.036111
0 0.471094 0.351389 0.039062 0.058333
0 0.312500 0.302778 0.034375 0.027778
0 0.324219 0.366667 0.042188 0.050000
0 0.060938 0.655556 0.050000 0.083333
0 0.204688 0.350000 0.031250 0.027778
0 0.078906 0.369444 0.042188 0.050000
