0 0.150781 0.538889 0.032813 0.100000
0 0.242969 0.765278 0.070312 0.075000
0 0.156250 0.906944 0.059375 0.080556
0 0.457813 0.784722 0.081250 0.075000
0 0.857031 0.843056 0.051563 0.108333
0 0.775781 0.443056 0.026563 0.080556
0 0.782813 0.256944 0.021875 0.063889
0 0.810156 0.161111 0.020313 0.033333
0 0.631250 0.086111 0.037500 0.027778
0 0.425781 0.090278 0.039062 0.036111
0 0.301563 0.133333 0.031250 0.038889
0 0.314844 0.077778 0.014063 0.038889
0 0.189063 0.266667 0.037500 0.061111
0 0.821094 0.098611 0.020313 0.025000
0 0.863281 0.087500 0.017188 0.019444
