0 0.040625 0.627778 0.040625 0.077778
0 0.064063 0.633333 0.043750 0.083333
0 0.109375 0.565278 0.037500 0.075000
0 0.957031 0.587500 0.057813 0.075000
0 0.962500 0.483333 0.050000 0.050000
0 0.822656 0.504167 0.067187 0.063889
0 0.775781 0.456944 0.054688 0.052778
0 0.729688 0.373611 0.084375 0.080556
0 0.670313 0.394444 0.053125 0.050000
0 0.599219 0.412500 0.064063 0.047222
0 0.701563 0.318056 0.034375 0.041667
0 0.687500 0.283333 0.015625 0.033333
0 0.655469 0.281944 0.020313 0.030556
0 0.668750 0.547222 0.125000 0.133333
0 0.447656 0.397222 0.073438 0.088889
0 0.508594 0.208333 0.023438 0.027778
0 0.311719 0.386111 0.045313 0.050000
0 0.317188 0.354167 0.043750 0.036111
0 0.138281 0.366667 0.023438 0.027778
0 0.150000 0.347222 0.025000 0.022222
0 0.176563 0.308333 0.031250 0.038889
0 0.087500 0.379167 0.021875 0.025000
0 0.212500 0.393056 0.093750 0.075000
0 0.475781 0.337500 0.139063 0.086111
