0 0.260156 0.323611 0.085938 0.052778
0 0.073438 0.400000 0.018750 0.027778
0 0.056250 0.395833 0.018750 0.025000
0 0.207813 0.348611 0.031250 0.030556
0 0.314844 0.305556 0.029688 0.027778
0 0.403125 0.395833 0.053125 0.102778
0 0.388281 0.318056 0.042188 0.075000
0 0.429688 0.284722 0.031250 0.030556
0 0.411719 0.263889 0.035938 0.027778
0 0.489063 0.238889 0.025000 0.033333
0 0.470313 0.227778 0.034375 0.044444
0 0.531250 0.225000 0.021875 0.022222
0 0.521875 0.213889 0.018750 0.022222
0 0.503906 0.206944 0.020313 0.025000
0 0.898438 0.420833 0.078125 0.080556
0 0.791406 0.484722 0.067187 0.063889
0 0.732813 0.341667 0.034375 0.033333
