0 0.060938 0.637500 0.043750 0.086111
0 0.142969 0.465278 0.023438 0.058333
0 0.110156 0.406944 0.023438 0.030556
0 0.127344 0.386111 0.023438 0.027778
0 0.073438 0.397222 0.018750 0.027778
0 0.267969 0.336111 0.035938 0.027778
0 0.314063 0.351389 0.053125 0.052778
0 0.321094 0.391667 0.045313 0.044444
0 0.424219 0.379167 0.054688 0.041667
0 0.513281 0.426389 0.067187 0.052778
0 0.541406 0.218056 0.020313 0.025000
0 0.504688 0.208333 0.021875 0.027778
0 0.627344 0.277778 0.020313 0.033333
0 0.673438 0.286111 0.025000 0.027778
0 0.678906 0.331944 0.039062 0.036111
0 0.700000 0.313889 0.034375 0.038889
0 0.746875 0.352778 0.043750 0.038889
0 0.757031 0.488889 0.064063 0.061111
0 0.783594 0.459722 0.057813 0.052778
0 0.765625 0.545833 0.078125 0.069444
0 0.951563 0.511111 0.050000 0.050000
0 0.839063 0.419444 0.146875 0.116667
