0 0.120313 0.312500 0.037500 0.036111
0 0.099219 0.404167 0.023438 0.030556
0 0.168750 0.347222 0.025000 0.027778
0 0.152344 0.441667 0.023438 0.050000
0 0.184375 0.313889 0.021875 0.022222
0 0.223438 0.333333 0.031250 0.027778
0 0.218750 0.402778 0.037500 0.038889
0 0.285156 0.336111 0.035938 0.027778
0 0.323438 0.361111 0.040625 0.033333
0 0.455469 0.352778 0.045313 0.044444
0 0.534375 0.395833 0.062500 0.047222
0 0.029688 0.741667 0.053125 0.094444
0 0.029688 0.668056 0.046875 0.091667
0 0.154688 0.545833 0.034375 0.075000
0 0.677344 0.516667 0.076563 0.066667
0 0.918750 0.440278 0.046875 0.041667
0 0.836719 0.404167 0.048438 0.047222
0 0.782813 0.456944 0.056250 0.052778
0 0.717969 0.409722 0.060938 0.047222
0 0.710938 0.350000 0.046875 0.038889
0 0.737500 0.344444 0.040625 0.038889
0 0.691406 0.304167 0.029688 0.036111
0 0.629688 0.272222 0.021875 0.027778
0 0.660156 0.304167 0.023438 0.030556
0 0.669531 0.279167 0.020313 0.025000
0 0.541406 0.215278 0.020313 0.025000
0 0.525781 0.211111 0.020313 0.022222
0 0.503906 0.208333 0.020313 0.027778
