0 0.150781 0.538889 0.032813 0.100000
0 0.212500 0.437500 0.025000 0.075000
0 0.173438 0.341667 0.043750 0.066667
0 0.271875 0.206944 0.040625 0.052778
0 0.314844 0.079167 0.014063 0.036111
0 0.307031 0.047222 0.014063 0.027778
0 0.734375 0.338889 0.031250 0.066667
0 0.628906 0.130556 0.039062 0.038889
0 0.646094 0.088889 0.035938 0.027778
0 0.720313 0.098611 0.034375 0.025000
0 0.807031 0.104167 0.020313 0.025000
0 0.851562 0.123611 0.018750 0.025000
0 0.809375 0.930556 0.062500 0.100000
0 0.715625 0.841667 0.068750 0.077778
0 0.558594 0.794444 0.082813 0.066667
0 0.416406 0.829167 0.082813 0.075000
0 0.212500 0.768056 0.059375 0.080556
0 0.134375 0.823611 0.059375 0.086111
0 0.176563 0.888889 0.065625 0.083333
