0 0.079688 0.369444 0.043750 0.044444
0 0.108594 0.359722 0.020313 0.019444
0 0.067969 0.398611 0.020313 0.025000
0 0.050781 0.395833 0.017188 0.025000
0 0.050781 0.368056 0.017188 0.030556
0 0.207031 0.488889 0.048438 0.072222
0 0.258594 0.312500 0.032813 0.030556
0 0.369531 0.330556 0.035938 0.044444
0 0.385156 0.277778 0.032813 0.027778
0 0.432031 0.263889 0.026563 0.027778
0 0.509375 0.386111 0.043750 0.050000
0 0.569531 0.441667 0.064063 0.061111
0 0.737500 0.341667 0.040625 0.038889
0 0.850781 0.411111 0.045313 0.044444
0 0.932813 0.543056 0.053125 0.058333
0 0.982813 0.469444 0.034375 0.044444
0 0.659375 0.258333 0.015625 0.027778
0 0.687500 0.219444 0.015625 0.022222
