0 0.937500 0.451389 0.046875 0.041667
0 0.905469 0.494444 0.051563 0.055556
0 0.844531 0.411111 0.051563 0.044444
0 0.660156 0.425000 0.060938 0.050000
0 0.707031 0.319444 0.029688 0.033333
0 0.667969 0.286111 0.023438 0.033333
0 0.694531 0.270833 0.014063 0.025000
0 0.544531 0.215278 0.020313 0.019444
0 0.389063 0.369444 0.046875 0.038889
0 0.372656 0.395833 0.051563 0.041667
0 0.128906 0.493056 0.023438 0.052778
0 0.103125 0.408333 0.025000 0.033333
0 0.142969 0.366667 0.023438 0.027778
0 0.079688 0.372222 0.028125 0.038889
0 0.198438 0.387500 0.087500 0.069444
0 0.686719 0.380556 0.154688 0.105556
