0 0.779688 0.365278 0.050000 0.052778
0 0.719531 0.438889 0.060938 0.055556
0 0.607813 0.384722 0.059375 0.041667
0 0.650000 0.283333 0.021875 0.027778
0 0.685156 0.280556 0.017188 0.027778
0 0.941406 0.505556 0.051563 0.044444
0 0.957031 0.551389 0.051563 0.058333
0 0.873438 0.548611 0.065625 0.063889
0 0.586719 0.443056 0.073438 0.063889
0 0.517969 0.388889 0.060938 0.050000
0 0.418750 0.406944 0.056250 0.047222
0 0.384375 0.345833 0.043750 0.036111
0 0.332813 0.362500 0.043750 0.041667
0 0.076563 0.583333 0.043750 0.077778
0 0.110938 0.344444 0.018750 0.022222
0 0.167188 0.330556 0.025000 0.022222
0 0.174219 0.305556 0.032813 0.033333
0 0.233594 0.352778 0.032813 0.027778
0 0.238281 0.330556 0.029688 0.027778
0 0.544531 0.216667 0.020313 0.022222
0 0.525000 0.211111 0.018750 0.022222
0 0.507812 0.206944 0.018750 0.025000
0 0.539844 0.200000 0.017188 0.022222
