0 0.314063 0.920833 0.096875 0.147222
0 0.496875 0.608333 0.065625 0.094444
0 0.408594 0.569444 0.042188 0.072222
0 0.507031 0.469444 0.039062 0.105556
0 0.682813 0.301389 0.021875 0.036111
0 0.700000 0.250000 0.015625 0.027778
0 0.868750 0.626389 0.071875 0.075000
0 0.029688 0.386111 0.018750 0.033333
0 0.071875 0.369444 0.056250 0.050000
0 0.105469 0.361111 0.020313 0.027778
0 0.160938 0.308333 0.031250 0.038889
0 0.274219 0.355556 0.042188 0.044444
0 0.392188 0.438889 0.040625 0.050000
0 0.544531 0.215278 0.020313 0.025000
0 0.525000 0.213889 0.018750 0.022222
0 0.539844 0.200000 0.017188 0.022222
0 0.521094 0.200000 0.017188 0.022222
0 0.502344 0.211111 0.020313 0.022222
