0 0.099219 0.631944 0.048438 0.091667
0 0.108594 0.551389 0.039062 0.069444
0 0.148438 0.436111 0.028125 0.050000
0 0.184375 0.397222 0.034375 0.038889
0 0.289062 0.419444 0.046875 0.044444
0 0.361719 0.397222 0.048438 0.044444
0 0.450781 0.445833 0.051563 0.058333
0 0.588281 0.408333 0.060938 0.050000
0 0.739844 0.413889 0.054688 0.044444
0 0.808594 0.465278 0.064063 0.052778
0 0.918750 0.534722 0.056250 0.063889
0 0.981250 0.522222 0.037500 0.050000
0 0.880469 0.454167 0.045313 0.047222
0 0.910938 0.437500 0.050000 0.047222
0 0.784375 0.375000 0.046875 0.038889
0 0.680469 0.308333 0.032813 0.038889
0 0.695312 0.290278 0.018750 0.030556
0 0.290625 0.355556 0.040625 0.033333
0 0.239063 0.377778 0.037500 0.038889
0 0.173438 0.369444 0.031250 0.027778
0 0.199219 0.350000 0.026563 0.027778
0 0.132031 0.345833 0.020313 0.019444
0 0.128906 0.363889 0.023438 0.022222
0 0.126562 0.386111 0.025000 0.027778
0 0.106250 0.406944 0.025000 0.030556
0 0.186719 0.318056 0.060938 0.047222
0 0.496875 0.344444 0.137500 0.083333
0 0.620313 0.522222 0.309375 0.200000
0 0.541406 0.216667 0.020313 0.027778
0 0.559375 0.205556 0.018750 0.022222
0 0.522656 0.213889 0.020313 0.022222
0 0.539062 0.200000 0.018750 0.022222
