0 0.915625 0.559722 0.168750 0.163889
0 0.105469 0.309722 0.035938 0.036111
0 0.114844 0.345833 0.020313 0.025000
0 0.168750 0.330556 0.021875 0.022222
0 0.179688 0.351389 0.028125 0.025000
0 0.236719 0.331944 0.032813 0.030556
0 0.338281 0.341667 0.039062 0.033333
0 0.483594 0.455556 0.104688 0.105556
0 0.541406 0.216667 0.020313 0.027778
0 0.560156 0.205556 0.017188 0.022222
0 0.539062 0.201389 0.018750 0.025000
0 0.522656 0.213889 0.020313 0.022222
0 0.504688 0.211111 0.021875 0.022222
0 0.803906 0.387500 0.048438 0.041667
0 0.730469 0.338889 0.039062 0.033333
0 0.698438 0.293056 0.021875 0.030556
0 0.662500 0.272222 0.015625 0.027778
0 0.672656 0.250000 0.017188 0.027778
0 0.698438 0.258333 0.015625 0.027778
