0 0.914062 0.590278 0.059375 0.058333
0 0.682813 0.325000 0.021875 0.038889
0 0.514844 0.220833 0.017188 0.025000
0 0.503906 0.211111 0.020313 0.022222
0 0.540625 0.216667 0.021875 0.027778
0 0.559375 0.206944 0.015625 0.019444
0 0.535156 0.202778 0.020313 0.022222
0 0.378906 0.418056 0.035938 0.047222
0 0.271875 0.359722 0.034375 0.036111
0 0.307031 0.336111 0.035938 0.027778
0 0.192969 0.347222 0.026563 0.027778
0 0.172656 0.306944 0.029688 0.036111
0 0.113281 0.361111 0.020313 0.022222
0 0.128125 0.344444 0.018750 0.022222
0 0.076563 0.370833 0.043750 0.047222
