0 0.968750 0.519444 0.046875 0.044444
0 0.903906 0.527778 0.057813 0.061111
0 0.966406 0.472222 0.067187 0.077778
0 0.656250 0.420833 0.059375 0.047222
0 0.689844 0.400000 0.054688 0.044444
0 0.707813 0.319444 0.031250 0.033333
0 0.698438 0.288889 0.021875 0.027778
0 0.666406 0.280556 0.017188 0.027778
0 0.560937 0.361111 0.078125 0.066667
0 0.492188 0.388889 0.056250 0.044444
0 0.416406 0.408333 0.051563 0.044444
0 0.452344 0.451389 0.057813 0.058333
0 0.269531 0.415278 0.042188 0.041667
0 0.271094 0.381944 0.042188 0.036111
0 0.213281 0.334722 0.032813 0.030556
0 0.167969 0.329167 0.023438 0.025000
0 0.177344 0.347222 0.026563 0.027778
0 0.164844 0.369444 0.026563 0.027778
0 0.135938 0.386111 0.025000 0.033333
0 0.156250 0.441667 0.028125 0.044444
0 0.115625 0.531944 0.034375 0.069444
0 0.089063 0.397222 0.031250 0.050000
0 0.715625 0.509722 0.206250 0.152778
0 0.526563 0.211111 0.018750 0.022222
0 0.543750 0.198611 0.018750 0.019444
0 0.535156 0.180556 0.039062 0.044444
