0 0.065625 0.423611 0.031250 0.058333
0 0.114063 0.406944 0.037500 0.063889
0 0.150781 0.538889 0.032813 0.100000
0 0.226562 0.265278 0.040625 0.058333
0 0.337500 0.140278 0.037500 0.041667
0 0.313281 0.058333 0.014063 0.033333
0 0.470313 0.079167 0.040625 0.036111
0 0.141406 0.915278 0.060938 0.086111
0 0.269531 0.727778 0.054688 0.061111
0 0.441406 0.766667 0.085938 0.066667
0 0.574219 0.843056 0.085938 0.080556
0 0.772656 0.876389 0.060938 0.091667
0 0.828125 0.768056 0.050000 0.113889
0 0.793750 0.597222 0.037500 0.105556
0 0.757812 0.512500 0.037500 0.080556
0 0.753906 0.305556 0.026563 0.055556
0 0.789062 0.236111 0.018750 0.044444
0 0.812500 0.166667 0.018750 0.027778
0 0.832813 0.090278 0.018750 0.025000
0 0.800781 0.098611 0.023438 0.025000
0 0.742969 0.097222 0.029688 0.027778
0 0.687500 0.094444 0.037500 0.027778
